[gd_scene load_steps=6 format=3 uid="uid://baohwh2gcg8kf"]

[ext_resource type="PackedScene" uid="uid://bamqbdjk5ka5y" path="res://scenes/UI/Menus/main_menu.tscn" id="1_nnrej"]
[ext_resource type="PackedScene" uid="uid://bxcrjhm2d573d" path="res://models/PROP_Sword.fbx" id="2_an035"]
[ext_resource type="PackedScene" uid="uid://cqa880oekbmqp" path="res://scenes/main_world_environment.tscn" id="2_dbv8h"]
[ext_resource type="Material" uid="uid://v03tx500vhat" path="res://resources/Textures/floor_texture.tres" id="2_qxo1f"]

[sub_resource type="PlaneMesh" id="PlaneMesh_rxl8c"]
material = ExtResource("2_qxo1f")

[node name="GameStart" type="Node"]

[node name="MainMenu" parent="." instance=ExtResource("1_nnrej")]

[node name="MerdierDeTest" type="Node3D" parent="."]
transform = Transform3D(10, 0, 0, 0, 10, 0, 0, 0, 10, 0, 0, 0)

[node name="WorldEnvironment" parent="MerdierDeTest" instance=ExtResource("2_dbv8h")]

[node name="Camera3D" type="Camera3D" parent="MerdierDeTest"]
transform = Transform3D(1, 0, 0, 0, 0.995026, 0.0996155, 0, -0.0996155, 0.995026, -0.183559, 0.180569, 0.286421)

[node name="DirectionalLight3D" type="DirectionalLight3D" parent="MerdierDeTest"]
transform = Transform3D(-0.181583, -0.7062, -0.684331, -3.34559e-08, -0.6959, 0.718139, -0.983375, 0.130402, 0.126364, 0, 0, 0)
light_color = Color(1, 0.674943, 0.628534, 1)
shadow_enabled = true

[node name="Floor" type="Node3D" parent="MerdierDeTest"]
transform = Transform3D(100, 0, 0, 0, 100, 0, 0, 0, 100, 0, 0, 0)

[node name="MeshInstance3D" type="MeshInstance3D" parent="MerdierDeTest/Floor"]
mesh = SubResource("PlaneMesh_rxl8c")

[node name="Sword" type="Node3D" parent="MerdierDeTest"]
transform = Transform3D(0.25483, 0.143587, -0.405518, -0.0169497, 0.474311, 0.157294, 0.429854, -0.0664196, 0.246605, -0.07559, 0, 0)

[node name="PROP_Sword" parent="MerdierDeTest/Sword" instance=ExtResource("2_an035")]
transform = Transform3D(0.929123, 0.0863936, 0.359537, -0.0879065, 0.996055, -0.0121737, -0.35917, -0.0202946, 0.933052, 0.0436879, 0.010512, -0.0295718)
